  122   240
     0.35682     0.00000     0.93417
     0.57735     0.57735     0.57735
     0.00000     0.93417     0.35682
    -0.57735     0.57735     0.57735
    -0.35682     0.00000     0.93417
     0.00000     0.93417    -0.35682
     0.57735     0.57735    -0.57735
     0.35682     0.00000    -0.93417
    -0.35682     0.00000    -0.93417
    -0.57735     0.57735    -0.57735
     0.57735    -0.57735    -0.57735
    -0.57735    -0.57735    -0.57735
     0.00000    -0.93417    -0.35682
     0.57735    -0.57735     0.57735
     0.00000    -0.93417     0.35682
    -0.57735    -0.57735     0.57735
     0.93417    -0.35682     0.00000
     0.93417     0.35682     0.00000
    -0.93417    -0.35682     0.00000
    -0.93417     0.35682     0.00000
     0.00000     0.52573     0.85065
    -0.85065     0.00000     0.52573
     0.00000    -0.52573     0.85065
     0.85065     0.00000     0.52573
     0.00000     0.52573    -0.85065
    -0.85065     0.00000    -0.52573
     0.00000    -0.52573    -0.85065
     0.85065     0.00000    -0.52573
     0.52573     0.85065     0.00000
    -0.52573     0.85065     0.00000
     0.52573    -0.85065     0.00000
    -0.52573    -0.85065     0.00000
     0.50000     0.30902     0.80902
     0.30474     0.58224     0.75374
     0.18834     0.27750     0.94208
     0.30902     0.80902     0.50000
     0.00000     0.77058     0.63734
    -0.30902     0.80902     0.50000
    -0.30474     0.58224     0.75374
    -0.50000     0.30902     0.80902
    -0.18834     0.27750     0.94208
     0.00000     0.00000     1.00000
    -0.75374     0.30474     0.58224
    -0.63734     0.00000     0.77058
    -0.80902     0.50000     0.30902
    -0.94208     0.18834     0.27750
    -1.00000     0.00000     0.00000
    -0.94208    -0.18834     0.27750
    -0.80902    -0.50000     0.30902
    -0.75374    -0.30474     0.58224
    -0.50000    -0.30902     0.80902
    -0.30474    -0.58224     0.75374
    -0.18834    -0.27750     0.94208
    -0.30902    -0.80902     0.50000
     0.00000    -0.77058     0.63734
     0.30902    -0.80902     0.50000
     0.30474    -0.58224     0.75374
     0.50000    -0.30902     0.80902
     0.18834    -0.27750     0.94208
     0.75374    -0.30474     0.58224
     0.63734     0.00000     0.77058
     0.80902    -0.50000     0.30902
     0.94208    -0.18834     0.27750
     1.00000     0.00000     0.00000
     0.94208     0.18834     0.27750
     0.80902     0.50000     0.30902
     0.75374     0.30474     0.58224
     0.50000     0.30902    -0.80902
     0.30474     0.58224    -0.75374
     0.18834     0.27750    -0.94208
     0.30902     0.80902    -0.50000
     0.00000     0.77058    -0.63734
    -0.30902     0.80902    -0.50000
    -0.30474     0.58224    -0.75374
    -0.50000     0.30902    -0.80902
    -0.18834     0.27750    -0.94208
     0.00000     0.00000    -1.00000
    -0.75374     0.30474    -0.58224
    -0.63734     0.00000    -0.77058
    -0.80902     0.50000    -0.30902
    -0.94208     0.18834    -0.27750
    -0.94208    -0.18834    -0.27750
    -0.80902    -0.50000    -0.30902
    -0.75374    -0.30474    -0.58224
    -0.50000    -0.30902    -0.80902
    -0.30474    -0.58224    -0.75374
    -0.18834    -0.27750    -0.94208
    -0.30902    -0.80902    -0.50000
     0.00000    -0.77058    -0.63734
     0.30902    -0.80902    -0.50000
     0.30474    -0.58224    -0.75374
     0.50000    -0.30902    -0.80902
     0.18834    -0.27750    -0.94208
     0.75374    -0.30474    -0.58224
     0.63734     0.00000    -0.77058
     0.80902    -0.50000    -0.30902
     0.94208    -0.18834    -0.27750
     0.94208     0.18834    -0.27750
     0.80902     0.50000    -0.30902
     0.75374     0.30474    -0.58224
     0.58224     0.75374    -0.30474
     0.77058     0.63734     0.00000
     0.27750     0.94208    -0.18834
     0.00000     1.00000     0.00000
     0.27750     0.94208     0.18834
     0.58224     0.75374     0.30474
    -0.58224     0.75374    -0.30474
    -0.27750     0.94208    -0.18834
    -0.77058     0.63734     0.00000
    -0.58224     0.75374     0.30474
    -0.27750     0.94208     0.18834
     0.58224    -0.75374     0.30474
     0.77058    -0.63734     0.00000
     0.27750    -0.94208     0.18834
     0.00000    -1.00000     0.00000
     0.27750    -0.94208    -0.18834
     0.58224    -0.75374    -0.30474
    -0.58224    -0.75374    -0.30474
    -0.27750    -0.94208    -0.18834
    -0.77058    -0.63734     0.00000
    -0.58224    -0.75374     0.30474
    -0.27750    -0.94208     0.18834
     0.35682     0.00000     0.93417
     0.57735     0.57735     0.57735
     0.00000     0.93417     0.35682
    -0.57735     0.57735     0.57735
    -0.35682     0.00000     0.93417
     0.00000     0.93417    -0.35682
     0.57735     0.57735    -0.57735
     0.35682     0.00000    -0.93417
    -0.35682     0.00000    -0.93417
    -0.57735     0.57735    -0.57735
     0.57735    -0.57735    -0.57735
    -0.57735    -0.57735    -0.57735
     0.00000    -0.93417    -0.35682
     0.57735    -0.57735     0.57735
     0.00000    -0.93417     0.35682
    -0.57735    -0.57735     0.57735
     0.93417    -0.35682     0.00000
     0.93417     0.35682     0.00000
    -0.93417    -0.35682     0.00000
    -0.93417     0.35682     0.00000
     0.00000     0.52573     0.85065
    -0.85065     0.00000     0.52573
     0.00000    -0.52573     0.85065
     0.85065     0.00000     0.52573
     0.00000     0.52573    -0.85065
    -0.85065     0.00000    -0.52573
     0.00000    -0.52573    -0.85065
     0.85065     0.00000    -0.52573
     0.52573     0.85065     0.00000
    -0.52573     0.85065     0.00000
     0.52573    -0.85065     0.00000
    -0.52573    -0.85065     0.00000
     0.50000     0.30902     0.80902
     0.30474     0.58224     0.75374
     0.18834     0.27750     0.94208
     0.30902     0.80902     0.50000
     0.00000     0.77058     0.63734
    -0.30902     0.80902     0.50000
    -0.30474     0.58224     0.75374
    -0.50000     0.30902     0.80902
    -0.18834     0.27750     0.94208
     0.00000     0.00000     1.00000
    -0.75374     0.30474     0.58224
    -0.63734     0.00000     0.77058
    -0.80902     0.50000     0.30902
    -0.94208     0.18834     0.27750
    -1.00000     0.00000     0.00000
    -0.94208    -0.18834     0.27750
    -0.80902    -0.50000     0.30902
    -0.75374    -0.30474     0.58224
    -0.50000    -0.30902     0.80902
    -0.30474    -0.58224     0.75374
    -0.18834    -0.27750     0.94208
    -0.30902    -0.80902     0.50000
     0.00000    -0.77058     0.63734
     0.30902    -0.80902     0.50000
     0.30474    -0.58224     0.75374
     0.50000    -0.30902     0.80902
     0.18834    -0.27750     0.94208
     0.75374    -0.30474     0.58224
     0.63734     0.00000     0.77058
     0.80902    -0.50000     0.30902
     0.94208    -0.18834     0.27750
     1.00000     0.00000     0.00000
     0.94208     0.18834     0.27750
     0.80902     0.50000     0.30902
     0.75374     0.30474     0.58224
     0.50000     0.30902    -0.80902
     0.30474     0.58224    -0.75374
     0.18834     0.27750    -0.94208
     0.30902     0.80902    -0.50000
     0.00000     0.77058    -0.63734
    -0.30902     0.80902    -0.50000
    -0.30474     0.58224    -0.75374
    -0.50000     0.30902    -0.80902
    -0.18834     0.27750    -0.94208
     0.00000     0.00000    -1.00000
    -0.75374     0.30474    -0.58224
    -0.63734     0.00000    -0.77058
    -0.80902     0.50000    -0.30902
    -0.94208     0.18834    -0.27750
    -0.94208    -0.18834    -0.27750
    -0.80902    -0.50000    -0.30902
    -0.75374    -0.30474    -0.58224
    -0.50000    -0.30902    -0.80902
    -0.30474    -0.58224    -0.75374
    -0.18834    -0.27750    -0.94208
    -0.30902    -0.80902    -0.50000
     0.00000    -0.77058    -0.63734
     0.30902    -0.80902    -0.50000
     0.30474    -0.58224    -0.75374
     0.50000    -0.30902    -0.80902
     0.18834    -0.27750    -0.94208
     0.75374    -0.30474    -0.58224
     0.63734     0.00000    -0.77058
     0.80902    -0.50000    -0.30902
     0.94208    -0.18834    -0.27750
     0.94208     0.18834    -0.27750
     0.80902     0.50000    -0.30902
     0.75374     0.30474    -0.58224
     0.58224     0.75374    -0.30474
     0.77058     0.63734     0.00000
     0.27750     0.94208    -0.18834
     0.00000     1.00000     0.00000
     0.27750     0.94208     0.18834
     0.58224     0.75374     0.30474
    -0.58224     0.75374    -0.30474
    -0.27750     0.94208    -0.18834
    -0.77058     0.63734     0.00000
    -0.58224     0.75374     0.30474
    -0.27750     0.94208     0.18834
     0.58224    -0.75374     0.30474
     0.77058    -0.63734     0.00000
     0.27750    -0.94208     0.18834
     0.00000    -1.00000     0.00000
     0.27750    -0.94208    -0.18834
     0.58224    -0.75374    -0.30474
    -0.58224    -0.75374    -0.30474
    -0.27750    -0.94208    -0.18834
    -0.77058    -0.63734     0.00000
    -0.58224    -0.75374     0.30474
    -0.27750    -0.94208     0.18834
    0   32   34
    1   33   32
   20   34   33
   32   33   34
    1   35   33
    2   36   35
   20   33   36
   35   36   33
    2   37   36
    3   38   37
   20   36   38
   37   38   36
    3   39   38
    4   40   39
   20   38   40
   39   40   38
    4   41   40
    0   34   41
   20   40   34
   41   34   40
    4   39   43
    3   42   39
   21   43   42
   39   42   43
    3   44   42
   19   45   44
   21   42   45
   44   45   42
   19   46   45
   18   47   46
   21   45   47
   46   47   45
   18   48   47
   15   49   48
   21   47   49
   48   49   47
   15   50   49
    4   43   50
   21   49   43
   50   43   49
    4   50   52
   15   51   50
   22   52   51
   50   51   52
   15   53   51
   14   54   53
   22   51   54
   53   54   51
   14   55   54
   13   56   55
   22   54   56
   55   56   54
   13   57   56
    0   58   57
   22   56   58
   57   58   56
    0   41   58
    4   52   41
   22   58   52
   41   52   58
    0   57   60
   13   59   57
   23   60   59
   57   59   60
   13   61   59
   16   62   61
   23   59   62
   61   62   59
   16   63   62
   17   64   63
   23   62   64
   63   64   62
   17   65   64
    1   66   65
   23   64   66
   65   66   64
    1   32   66
    0   60   32
   23   66   60
   32   60   66
    7   67   69
    6   68   67
   24   69   68
   67   68   69
    6   70   68
    5   71   70
   24   68   71
   70   71   68
    5   72   71
    9   73   72
   24   71   73
   72   73   71
    9   74   73
    8   75   74
   24   73   75
   74   75   73
    8   76   75
    7   69   76
   24   75   69
   76   69   75
    8   74   78
    9   77   74
   25   78   77
   74   77   78
    9   79   77
   19   80   79
   25   77   80
   79   80   77
   19   46   80
   18   81   46
   25   80   81
   46   81   80
   18   82   81
   11   83   82
   25   81   83
   82   83   81
   11   84   83
    8   78   84
   25   83   78
   84   78   83
    8   84   86
   11   85   84
   26   86   85
   84   85   86
   11   87   85
   12   88   87
   26   85   88
   87   88   85
   12   89   88
   10   90   89
   26   88   90
   89   90   88
   10   91   90
    7   92   91
   26   90   92
   91   92   90
    7   76   92
    8   86   76
   26   92   86
   76   86   92
    7   91   94
   10   93   91
   27   94   93
   91   93   94
   10   95   93
   16   96   95
   27   93   96
   95   96   93
   16   63   96
   17   97   63
   27   96   97
   63   97   96
   17   98   97
    6   99   98
   27   97   99
   98   99   97
    6   67   99
    7   94   67
   27   99   94
   67   94   99
   17   98  101
    6  100   98
   28  101  100
   98  100  101
    6   70  100
    5  102   70
   28  100  102
   70  102  100
    5  103  102
    2  104  103
   28  102  104
  103  104  102
    2   35  104
    1  105   35
   28  104  105
   35  105  104
    1   65  105
   17  101   65
   28  105  101
   65  101  105
    5   72  107
    9  106   72
   29  107  106
   72  106  107
    9   79  106
   19  108   79
   29  106  108
   79  108  106
   19   44  108
    3  109   44
   29  108  109
   44  109  108
    3   37  109
    2  110   37
   29  109  110
   37  110  109
    2  103  110
    5  107  103
   29  110  107
  103  107  110
   16   61  112
   13  111   61
   30  112  111
   61  111  112
   13   55  111
   14  113   55
   30  111  113
   55  113  111
   14  114  113
   12  115  114
   30  113  115
  114  115  113
   12   89  115
   10  116   89
   30  115  116
   89  116  115
   10   95  116
   16  112   95
   30  116  112
   95  112  116
   12   87  118
   11  117   87
   31  118  117
   87  117  118
   11   82  117
   18  119   82
   31  117  119
   82  119  117
   18   48  119
   15  120   48
   31  119  120
   48  120  119
   15   53  120
   14  121   53
   31  120  121
   53  121  120
   14  114  121
   12  118  114
   31  121  118
  114  118  121
